$ANSIBLE_VAULT;1.1;AES256
37346538353830303734623239633864653839376531326363323232303337346562613931376435
3135623466336635306661343132333035326635623233360a616539303664386337626564643839
38636233333366323137386266336634663234636164393764616434646231376462646132336363
3361663633373936380a376532613530626434666661323830653032346564326637396135663962
37313064333462383232666638373463626163636666643733396235376437633633636436333933
62356465306162393461646530386336613933303131666565373136386632623630633164336235
61623137663835316132306566363665346461343262323634353831353635666631363334616534
36373033363335376261386432623334336465316662346461333534376432663439313631343266
65646664316438653438623637393131356434343738616166303963333730313730663661303834
33643338353436376435336634643262346638393635353835646634356331363261343430353432
30316235353133323061326433393465376263616431393839336633353563376463666461363264
36333063383061333135663062653564616464376163356136666238623132363135613361646232
30326661623133303961303031383962346566306631613366363933376132623863336636626266
61666362333561353331636336613562396639393664623166303430626630326663303264353732
30386538636431383133313733313631656435633664626539343861373865373662643534653637
39656265333136323466653962323462386462346666643665376339646636656330373761656131
66646666616335356335613161633938633766636238316166613532303466666238623932333866
66343733373066646535633630633033316165326634333830303631356563363836323664303461
37376535616531383766346262643434633932623564646339636239376334653436373532366266
39396532383764636330656136386165636664353331353264346437303335653632356466633664
31653034383534323939343438333235633530383139393430323938303633356562653564653338
65653832396133336432633438616534626637643436303263666130613837346463356539363830
62633166666534623264616263643031633931366631306536653731303530626261353131366137
37633438353539363038613763616633636463316664623435613031373137363464303631343531
31663631623334373436613238613136383564643765353336633861306135663564613738376161
33623566633733636132333664653037383933656134653764663435653734656164636564336662
66663430303362333434616162326461646532333161303738376363613361303733313138323732
33613232363164383764363732653265393239383563636264613264383262663762326563306636
32376338663632396634313736303636343131363536363931333666346261393163646138323338
39396265376533303530653963323866623935633962373438663466383837326364356661316336
63613436386537626537386664343439306230386435616231333161363335373266653565313431
35343533333237663530653966613536656234346532643362386366363034383262373463323535
65336338316331653439326464613537626335336164333963376531323538653266663761303664
39343161333530353338623630633161393333613330333038656461656633393838336233373832
66323031333162306132626465363364353037353238653139646561373033633563393237626138
61653737366634393730393230313135396265643264386330656433393332323533653639656235
65363338376566376134343961333735616562613732353733643866356261653530333264613739
33343937663438366565616464343161656463366630613065656163353264306462623838633662
36373632616261396565303137353430363466393664633638633239393866336464303939323130
34383430353735313233386537643064306266373838363333326364303964623236363564633837
35343539643638623766393538646365646431376432386631386231366435386431653861343037
63653961346634383763663233366566613237663035623238343566396663333462333065306433
34366331336333373236653638353863306230353731343032303938636133346266643864373461
64336263663236636634383863323733306264656430636237633961626565343265646634666330
66333666393864323363343337323230643961633463613334343435346532366637313363306236
64383163373634363562613433636666663861303335313634366664333464613561343537336466
35353163656438613936346462323933323365326236656139346131373363646561316335313465
64646330383431353961333139333365353931643438353836393431663631626139343431363963
36623564323730336163306433643834393065393930643931353363356230376263353466373162
34373534383264633764616361626466633166643230623661313036646637626132366336663863
32363034613764303533303261623637393366323637323032343364383039643731316436303739
63353030383239333533623735666532643161343332353539396464656261613836346363373734
35633465393630353431613839653730356537373934376361623730326331346636633366383763
39373432326361633036383835616437353834396339363230306561353035303433313231613537
66636339386363303362613730386663386166666237373638373237653464323066643935363533
32353235653831666234303234383734316639663861306565336666346665366362613635636233
65323038663130343533633734376665366436613963336235346439613437653865386566316431
62333863333031663163356233343064623761383633626562343666363132653963393534666236
63383065636564353437363539356632633861613463363166396133353862636465393938663133
35393766663236653536383536663131353962343664313435313761386565333730336662313366
62353334333638333935323331373662663939626633643334623061306661636637396532646137
37343034613362353035323564656263613261663132326436326564613039396236353461316636
65643439313538363966356238346564663462326466656166316631393964383531623239363863
38336231633831323632383463633134333836363063323132346136396634636131313132653366
61313037353730356230653135383966626131623538386666306461366236313833393535333065
37653165313965333231306233366531313432306664636436666466636238303065316338323465
39623065663166323233643332316161313131346231393963343461663966313632386362623730
63326536663434346132373463376266353238356233346632663331313030396161353162616135
62636539386365656432333935373239306138366633323639316135333136303631313266326163
61316537656261333938333636316237366331303365303631626431616338343134656339646464
63636335633835373164333664376563626430666262393639366136303865373339623537376437
38343431393661316134616230613430313239316232626363326362623031323466323738386165
39326662316565303734623339663634653765643963333462653532643464386436366261356334
34333833646137616465356638653332383033393536656539303239396664316136386637343535
38653632666636323036633032346531646166643333363833386664373333376465613730343734
37616239353533663064633830623635303263623137366464393630313230393261336566333033
32613132343666646263613536346532353831623231636238663961303861306664313230616534
63633237616336383566356332303461346331333766633866343566336436396232356465303236
34346232616538373765396661363638653463653961656233623632633538363564376439373235
37353963386635663065363365626465656135383663373735333565366363656430353830333030
31343666653334633362613437396636376530366534383130636137333066643731633238326232
65383232363730633738663265356563656435353333626439363039613436313834666163316263
38386537656236323134623830386364613530383931616365346236383138646664363162623731
64616134393235323237626430353862393662646238393964333938383266383237306564396166
39346566353931306463666539363131666133363561343766323936356563346633643239626664
65636536633239306232633163353539396431613639383130323563343932616330386236353262
38346536646134356262356238666634663939343939633331333930626134373831663037373937
35363933376165343635633166623530653664326239613531623036366638616337613633363461
31616537383737383034366465336530653239356330626132333561306635643934313261613964
63616234353935616161653038616230633662613631343436316335653731363631343064326161
36633736376238646237383961353664616533333836366539376238326366303933336164383939
62313735323865316230643438326562346435313935626335383432306638333435653134386137
66323162646262636637356234363432646335623231366665366466346461623038336530336162
35333564333131646264363936306436656632373462343166616131623465343132353362636338
38323037323166393433376361313762333336326437343266393364656539633138666338623665
33313338376434393431303733393738613431643633366332653639326336613764376432643661
61326438336638373734346331333639386564636437656435646438316534356137356133623334
33393831623962386633643430336161313063356632336163303634343765326536393061663238
30343730633536393337386437363734343738376638366162386239393361313866633666616539
32613433393630653239326231363531333262313532663235366366343462373833393939633233
35333161653631656334323865316233366231383537663166643931383336373135666564613931
36303666663432343630333534653034343266386161316463376139643464393164323338333063
62656162343736306432633530613732383439356339653631656539623962383962393361323131
35643963666261363334313565363738386538353465316135653639626535623832393430313836
62393939613733313931346362666365653437313664633566336538326236663132636635306261
39343838616237663436323164626537303133633634313831636630383161656664626633666462
39326432366636623130306362636164663236653464383037356535623532326337656631386435
63386534366266366664
